0000000000000000000000000000000000000000
0                                      0
0                                      0
0          ssssssssssss                0
0                                      0
0     ssssssssssssss                   0
0                                      0
0                      sss             00000000000000000000000000000
0                                                              0
0         sssss     sss                                        0
0                  s   s                                       0
0                  s   s                                       0
0                  s   s               000000000000000000000000
0               sss     sss            0
0              s           s           0
0              s   ssss    s           0
0       sss     sss    ssss            0
0                                      0
0                                      0
0                    sss               0
0                                      0
0                                      0
0             sss                      0
0                             sss      0
0                                      0
0                                      0
0                                      0
0                                      0
0         sss                          0
0                                      0
0                                      0
0                                      0
0                                      0
0                        sss           0
0                                      0
0                                      0
0                                      0
0                                      0
0                                      0
0000000000000000000000000000000000000000